   477230.18201329641        4178176.1772196577     
   477211.28369144833        4178169.5802212725     
   477192.42635283817        4178162.8669704273     
   477173.52543359745        4178156.2774174651     
   477154.50592550245        4178150.0384056671     
   477135.53718867875        4178143.6466938690     
   477116.67888599366        4178136.9361516978     
   477097.67819469428        4178130.6400666810     
   477078.81050350418        4178123.9559672242     
   477060.01189285150        4178117.0799804642     
   477040.98472097027        4178110.8643802037     
   477022.07272523607        4178104.3066844386     
   477003.20514130150        4178097.6222822317     
   476984.23452857800        4178091.2361402595     
   476965.24901534256        4178084.8944335822     
   476946.24526151863        4178078.6075983695     
   476927.23397759820        4178072.3435709039     
   476908.21450254554        4178066.1044583777     
   476889.21279024653        4178059.8114554300     
   476870.22211658763        4178053.4852187620     
   476851.21443219500        4178047.2102772943     
   476832.20079087344        4178040.9534090608     
   476813.18808872532        4178034.6936875479     
   476794.14629021182        4178028.5230420576     
   476775.13261153054        4178022.2662873557     
   476756.12614723149        4178015.9876512582     
   476737.13123054564        4178009.6741659692     
   476718.14159530122        4178003.3448129473     
   476699.14261208661        4177997.0435755127     
   476680.29433051508        4177990.3049378023     
   476661.36829657777        4177983.7878682306     
   476642.49678878067        4177977.1145519740     
   476623.49077842251        4177970.8345418894     
   476604.48816007579        4177964.5442754114     
   476585.46387016715        4177958.3198597869     
   476566.42703365919        4177952.1339231427     
   476547.54919807351        4177945.4785283390     
   476528.59672545403        4177939.0387505475     
   476509.70855337591        4177932.4127478353     
   476490.76340991346        4177925.9514402598     
   476471.83522621921        4177919.4406170836     
   476452.90981678094        4177912.9217342045     
   476433.92373265518        4177906.5817368887     
   476414.84365817695        4177900.5304796393     
   476395.89530284470        4177894.0785972318     
   476376.79751145229        4177888.0834891987     
   476357.49386273872        4177882.7885762872     
   476337.88361316174        4177878.7754642870     
   476318.27695967059        4177874.7448197636     
   476298.26030164433        4177874.7259027306     
   476278.53250396380        4177878.1142585371     
   476262.02735000080        4177889.4388710712     
   476243.98474699981        4177898.1067100950     
   476227.19161704544        4177908.9997235774     
   476208.62966954632        4177916.4911227413     
   476189.51296639896        4177922.4256502851     
   476171.05390535464        4177930.1670985837     
   476152.20602447959        4177936.9068569560     
   476132.58772606670        4177940.8804351641     
   476112.71859098674        4177943.3062190725     
   476092.74855881277        4177944.6717853895     
   476072.73601527337        4177945.0780580537     
   476052.73432014184        4177945.8521047318     
   476032.71888305160        4177945.6302162902     
   476012.70634435106        4177945.2237053369     
   475992.70023820805        4177944.5735719730     
   475972.69998670876        4177943.7630805420     
   475952.73362512013        4177942.3448558394     
   475932.77918410330        4177940.7677572053     
   475912.90516719176        4177938.3822995564     
   475893.24918147200        4177934.5995516423     
   475873.93179898278        4177929.3549648938     
   475854.46708797442        4177924.6867766203     
   475835.15239921148        4177919.4322781302     
   475815.89775339240        4177913.9618512020     
   475796.64429753437        4177908.4872376160     
   475777.44953041512        4177902.8102778988     
   475758.35394579550        4177896.8081445755     
   475739.25075103773        4177890.8302765242     
   475720.25868200831        4177884.5082301483     
   475702.37076800561        4177875.5254973220     
   475684.10597935168        4177867.3362084748     
   475665.82416880416        4177859.1849901918     
   475647.58090322569        4177850.9478658498     
   475629.36270818964        4177842.6554400274     
   475611.19007830176        4177834.2636297727     
   475593.03130440466        4177825.8418789483     
   475574.87439189403        4177817.4161158092     
   475556.77890128805        4177808.8592369319     
   475538.70881969482        4177800.2488299957     
   475520.84416603547        4177791.2199260741     
   475503.10915349558        4177781.9389624060     
   475485.52233199833        4177772.3801619573     
   475468.00927085173        4177762.6868835818     
   475450.45638377592        4177753.0659110895     
   475432.90984878095        4177743.4333586725     
   475415.34129496431        4177733.8410245883     
   475398.26700535772        4177723.3942264747     
   475381.14030701149        4177713.0335720479     
   475363.95941330021        4177702.7630390688     
   475346.44081892126        4177693.0797644481     
   475328.87407721876        4177683.4841121850     
   475311.12146469450        4177674.2368582706     
   475293.94884185307        4177663.9525021343     
   475275.62890490238        4177655.8873383715     
   475256.76008134044        4177649.2064362033     
   475236.88077851915        4177646.8654373279     
   475216.98853190773        4177644.6371013690     
   475197.04282382544        4177642.9531519962     
   475177.12153136113        4177641.0014699148     
   475157.24645949469        4177638.6248179213     
   475137.39589375432        4177636.0514939656     
   475117.54662530543        4177633.4681824399     
   475097.69407129608        4177630.9102427023     
   475077.83490789746        4177628.4041330675     
   475057.99378549866        4177625.7589830998     
   475038.14332066546        4177623.1848808676     
   475018.37215039186        4177620.0595357013     
   474998.62165221089        4177616.8061101222     
   474978.93687302974        4177613.1761755520     
   474959.37068363948        4177608.9534762804     
   474939.96285180980        4177604.0541885705     
   474920.63039538002        4177598.8654425964     
   474901.31543091446        4177593.6119576492     
   474882.05676681519        4177588.1556939543     
   474862.79878685897        4177582.6970160557     
   474843.58010121825        4177577.1015644530     
   474824.40380855690        4177571.3625091161     
   474805.29111891804        4177565.4150683922     
   474786.13884010556        4177559.5963767278     
   474767.03425219498        4177553.6229625312     
   474748.70766043849        4177545.5729320352     
   474731.30107452208        4177535.6897279429     
   474713.54906374164        4177526.4413189096     
   474696.21225421823        4177516.4362206119     
   474679.39667714178        4177505.5778909069     
   474665.89599816717        4177490.7995749130     
   474652.60507552343        4177475.8323329603     
   474640.08592143172        4177460.2138267187     
   474625.11176996748        4177446.9306891253     
   474610.18218530016        4177433.5974802822     
   474593.05819459329        4177423.2323513073     
   474575.28984032245        4177414.0153809320     
   474557.22551215574        4177405.3929100400     
   474538.88137036090        4177397.3829525989     
   474520.44495748932        4177389.5877209264     
   474502.01575819001        4177381.7754504764     
   474483.79822998430        4177373.4815598051     
   474465.59422179288        4177365.1580363829     
   474447.45453500905        4177356.6952519841     
   474429.46415556525        4177347.9195352690     
   474411.58227111789        4177338.9248054228     
   474393.75267542980        4177329.8268675250     
   474376.02915349108        4177320.5239794529     
   474358.43559535360        4177310.9775838787     
   474340.89235886117        4177301.3390253885     
   474323.45713218034        4177291.5064353440     
   474306.09118451102        4177281.5519982460     
   474288.78174186469        4177271.4996277960     
   474271.52657900628        4177261.3543672706     
   474254.43315559049        4177250.9389060554     
   474237.39492609387        4177240.4333983562     
   474220.42536456202        4177229.8173285648     
   474203.50207724195        4177219.1276464984     
   474186.64659758419        4177208.3313618642     
   474169.89179824910        4177197.3794827727     
   474153.19330971310        4177186.3419360793     
   474136.55667930428        4177175.2113707280     
   474119.96235374658        4177164.0178317130     
   474103.42107865238        4177152.7460450465     
   474086.93076189526        4177141.3998382068     
   474070.47897052550        4177129.9978420166     
   474054.11931781581        4177118.4640343362     
   474037.77522772970        4177106.9081840580     
   474021.55572408403        4177095.1781091271     
   474005.43610532035        4177083.3111445908     
   473989.44129117782        4177071.2764914199     
   473973.61109993508        4177059.0261036051     
   473957.78691906686        4177046.7679530005     
   473942.17475077894        4177034.2408959740     
   473926.67883903993        4177021.5703128865     
   473911.30588050775        4177008.7508315258     
   473896.11949592311        4176995.7108668154     
   473880.96476946940        4176982.6341232411     
   473865.95895036188        4176969.3867707015     
   473851.02565496770        4176956.0577180320     
   473836.11026705551        4176942.7086296803     
   473821.24631735566        4176929.3022895493     
   473806.39786455693        4176915.8787875515     
   473791.54456102481        4176902.4606531588     
   473776.72310481733        4176889.0073490189     
   473762.08761030919        4176875.3519743667     
   473747.23168373562        4176861.9367441400     
   473732.61007258104        4176848.2665047990     
   473717.96379633009        4176834.6226949068     
   473703.32959013869        4176820.9659395986     
   473688.78262572637        4176807.2162929564     
   473674.39902024571        4176793.2958457735     
   473660.19475398911        4176779.1924498524     
   473646.25967150857        4176764.8230228401     
   473632.56984336773        4176750.2197505399     
   473619.21173295513        4176735.3124421779     
   473606.20865710831        4176720.0944602187     
   473593.56766993110        4176704.5743957995     
   473580.92675840214        4176689.0542697655     
   473568.70962224074        4176673.1984020690     
   473556.94484488748        4176657.0040521217     
   473546.27767138614        4176640.0665680734     
   473536.40802173212        4176622.6522931214     
   473527.24868259241        4176604.8541622385     
   473517.59858146863        4176587.3172724145     
   473509.24335574917        4176569.1277930494     
   473501.47832666675        4176550.6786391460     
   473494.23552564607        4176532.0182857257     
   473487.40894053632        4176513.2016789080     
   473481.25176941801        4176494.1555191842     
   473475.39575939352        4176475.0146178734     
   473470.20911379345        4176455.6815978349     
   473465.16750571725        4176436.3102492914     
   473460.12592770875        4176416.9388929224     
   473455.24040936114        4176397.5275903675     
   473450.58278486464        4176378.0603488977     
   473445.92519446975        4176358.5930992691     
   473442.01448017906        4176338.9621728994     
   473438.10378061078        4176319.3312435970     
   473434.19311411324        4176299.7003077064     
   473430.52638158132        4176280.0223497599     
   473427.10206139321        4176260.3007629160     
   473423.92655766901        4176240.5375867416     
   473421.24465223396        4176220.7013991131     
   473418.56274683517        4176200.8652114798     
   473415.88084147614        4176181.0290238410     
   473413.28335846151        4176161.1816049060     
   473410.74564936128        4176141.3264547195     
   473408.40108303429        4176121.4475723282     
   473406.05652187375        4176101.5686893272     
   473403.71196333453        4176081.6898060171     
   473401.49938043440        4176061.7958010584     
   473399.40112281725        4176041.8894133558     
   473397.47864611313        4176021.9652812616     
   473395.73609978578        4176002.0246070330     
   473394.21302202746        4175982.0659700423     
   473392.97161120112        4175962.0878356057     
   473391.73020031484        4175942.1097011729     
   473390.75910429371        4175922.1166041414     
   473390.04927675554        4175902.1125270254     
   473389.63166692836        4175882.1002168534     
   473389.78093803138        4175862.0841064788     
   473390.63026678318        4175842.0854665986     
   473391.67222865304        4175822.0959375431     
   473392.87255873892        4175802.1152928066     
   473394.21253859025        4175782.1435274766     
   473395.70888700127        4175762.1828687242     
   473397.20523544977        4175742.2222099747     
   473399.17013415368        4175722.3022167650     
   473401.24014729599        4175702.3928721757     
   473403.38840339187        4175682.4918181296     
   473405.66371130594        4175662.6048895004     
   473408.07190576318        4175642.7336148596     
   473410.68131042767        4175622.8877597838     
   473413.51788399817        4175603.0730983741     
   473416.60202427255        4175583.2954585967     
   473419.73546877428        4175563.5255703330     
   473422.86891328625        4175543.7556820712     
   473426.04029313102        4175523.9918437223     
   473429.35010600922        4175504.2507167254     
   473432.73779862485        4175484.5228051497     
   473436.12550182774        4175464.7948953919     
   473439.64808744512        4175445.0906230896     
   473443.17068608908        4175425.3863531160     
   473447.03087198612        4175405.7454284630     
   473450.93574954133        4175386.1133402484     
   473454.54198160971        4175366.4242050042     
   473458.23234019341        4175346.7506641457     
   473461.92270312784        4175327.0771241030     
   473465.61306631408        4175307.4035841078     
   473469.45301807404        4175287.7586935028     
   473473.36347945459        4175268.1277167522     
   473477.47896641667        4175248.5386962700     
   473481.83633341029        4175229.0020560962     
   473486.79839890834        4175209.6101799007     
   473491.67983671406        4175190.1978507941     
   473496.92169818323        4175170.8797286097     
   473503.01202585211        4175151.8120893934     
   473509.30634659046        4175132.8108135723     
   473515.97729081381        4175113.9384671478     
   473523.08653659833        4175095.2268242277     
   473530.62452685606        4175076.6837484506     
   473538.16258812306        4175058.1407015398     
   473547.15305143985        4175040.2566716322     
   473556.50420580507        4175022.5585681056     
   473566.73606603965        4175005.3546152883     
   473577.25863033842        4174988.3269144166     
   473587.96014600049        4174971.4111076393     
   473598.75092199881        4174954.5521008549     
   473609.54171217076        4174937.6931031425     
   473620.27755094127        4174920.7990591540     
   473630.84938247438        4174903.8019024967     
   473641.19457290985        4174886.6658588680     
   473651.27259143634        4174869.3713366436     
   473661.13079219707        4174851.9505779301     
   473670.75236091606        4174834.3980176672     
   473680.74635311484        4174817.0548035381     
   473690.55183877889        4174799.6043190951     
   473700.18980135495        4174782.0607552105     
   473709.16673446092        4174764.1699299528     
   473717.79107204481        4174746.1064929147     
   473725.86155372456        4174727.7888980438     
   473733.59060284955        4174709.3246418708     
   473741.65655895881        4174691.0050537628     
   473749.63355950225        4174672.6465565823     
   473757.61055267800        4174654.2880562004     
   473766.09597497823        4174636.1589479824     
   473774.82133471576        4174618.1440915065     
   473783.65840548847        4174600.1837703357     
   473792.97215299489        4174582.4659526432     
   473802.66300573270        4174564.9515491533     
   473812.61334381480        4174547.5832525054     
   473822.84218491847        4174530.3775044521     
   473833.63011042302        4174513.5166735207     
   473844.70509793999        4174496.8429934261     
   473856.45398462005        4174480.6371112172     
   473868.23472039530        4174464.4543666728     
   473880.01545619953        4174448.2716221493     
   473891.79620100284        4174432.0888841772     
   473903.54509804654        4174415.8830094817     
   473915.29399509059        4174399.6771347863     
   473927.04289213463        4174383.4712600908     
   473938.79178917868        4174367.2653853954     
   473950.54068622272        4174351.0595106999     
   473962.28958326677        4174334.8536360045     
   473974.03848031082        4174318.6477613091     
   473985.78737735486        4174302.4418866136     
   473997.53627439891        4174286.2360119182     
   474009.28517144296        4174270.0301372227     
